[压装曲线]
X_Min = 100.000000
X_Max = 200.000000
Y_Min = 0.000000
Y_Max = 500.000000

[下轴承压装曲线]
X_Min = 0.000000
X_Max = 100.000000
Y_Min = 0.000000
Y_Max = 500.000000

[力特性]
X_Min = -10.000000    
X_Max = 10.000000    
Y_Min = -1.000000    
Y_Max = 10.000000    