[×ó¹¤Î»ÇúÏß]
X_Min = 0.000000
X_Max = 80.000000
Y_Min = 0.000000
Y_Max = 90.000000