[右工位曲线]
X_Min = 160.000000
X_Max = 226.000000
Y_Min = 0.000000
Y_Max = 4.000000

[左工位曲线]
X_Min = 0.000000
X_Max = 81.000000
Y_Min = 0.000000
Y_Max = 90.000000