[空载试验]
X_Min = 0.000000
X_Max = 450.000000
Y_Min = -5.000000
Y_Max = 5.000000

[功能试验]
X_Min = 0.000000    
X_Max = 400.000000    
Y_Min = -20.000000    
Y_Max = 20.000000    